date,COVID-19 admissions (suspected and confirmed),Non-COVID-19 admissions,All submisions
20200401 ,207,505,712
20200402 ,139,529,668
20200403 ,110,573,683
20200404 ,134,482,616
20200405 ,134,318,452
20200406 ,123,401,524
20200407 ,196,574,770
20200408 ,158,584,742
20200409 ,126,573,699
20200410 ,129,474,603
20200411 ,106,400,506
20200412 ,168,329,497
20200413 ,130,311,441
20200414 ,106,403,509
20200415 ,151,540,691
20200416 ,104,594,698
20200417 ,151,636,787
20200418 ,129,576,705
20200419 ,102,328,430
20200420 (1),114,380,494
20200421 ,117,658,775
20200422 ,127,643,770
20200423 (2),137,642,779
20200424 ,147,666,813
20200425 ,126,543,669
20200426 ,99,405,504
20200427 ,95,441,536
20200428 ,148,684,832
20200429 ,136,732,868
20200430 ,148,717,865
20200501 ,122,680,802
20200502 ,147,610,757
20200503 ,100,407,507
20200504 ,125,459,584
20200505 ,140,808,948
20200506 ,116,758,874
20200507 ,131,803,934
20200508 ,144,732,876
20200509 ,112,508,620
20200510 ,118,468,586
20200511 ,120,550,670
20200512 ,98,815,913
20200513 ,122,751,873
20200514 ,112,816,928
20200515 ,101,756,857
20200516 ,125,809,934
20200517 ,99,529,628
20200518 ,84,529,613
20200519 ,114,871,985
20200520 ,108,838,946
20200521 ,118,864,982
20200522 ,92,811,903
20200523 ,123,824,947
20200524 ,81,499,580
20200525 ,90,475,565
20200526 (3),99,517,616
20200527 ,117,824,941
20200528 ,130,835,965
20200529 ,112,803,915
20200530 ,103,771,874
20200531 ,75,521,596
20200601 (4),77,576,653
20200602 ,112,918,1030
20200603 ,144,919,1063
20200604 (5),107,907,1014
20200605 ,88,854,942
20200606 ,101,790,891
20200607 (6),81,505,586
20200608 ,61,536,597
20200609 ,91,998,1089
20200610 ,103,926,1029
20200611 ,114,947,1061
20200612 ,98,913,1011
20200613 ,127,805,932
20200614 ,58,519,577
20200615 ,68,489,557
20200616 ,96,985,1081
20200617 ,108,960,1068
20200618 ,101,996,1097
20200619 ,85,999,1084
20200620 ,72,940,1012
20200621 ,68,537,605
20200622 ,71,542,613
20200623 ,83,1104,1187
20200624 ,105,1000,1105
20200625 ,67,1080,1147
20200626 ,96,937,1033
20200627 ,81,970,1051
20200628 ,50,552,602
20200629 (7),49,530,579
20200630 ,105,1022,1127
20200701 ,67,976,1043
20200702 ,64,1047,1111
20200703 ,66,977,1043
20200704 ,80,833,913
20200705 ,63,470,533
20200706 ,50,515,565
20200707 ,64,1044,1108
20200708 ,63,996,1059
20200709 ,75,1004,1079
20200710 (8),68,997,1065
20200711 ,76,833,909
20200712 ,41,539,580
20200713 ,50,580,630
20200714 ,63,1051,1114
20200715 ,49,996,1045
20200716 ,48,1101,1149
20200717 ,59,993,1052
20200718 ,54,1009,1063
20200719 ,51,587,638
20200720 ,43,562,605
20200721 ,46,1013,1059
20200722 ,72,1002,1074
20200723 ,88,1091,1179
20200724 ,61,1008,1069
20200725 ,48,1055,1103
20200726 ,45,609,654
20200727 ,43,637,680
20200728 ,49,1046,1095
20200729 ,64,992,1056
20200730 ,53,1088,1141
20200731 ,55,1002,1057
20200801 ,73,950,1023
20200802 ,35,561,596
20200803 ,29,575,604
20200804 ,65,1107,1172
20200805 ,74,1018,1092
20200806 ,45,1085,1130
20200807 ,53,1041,1094
20200808 ,55,996,1051
20200809 ,51,543,594
20200810 ,31,597,628
20200811 ,47,1202,1249
20200812 ,45,1076,1121
20200813 ,63,1147,1210
20200814 ,39,1042,1081
20200815 ,52,1016,1068
20200816 ,37,608,645
20200817 ,38,636,674
20200818 ,63,1130,1193
20200819 ,45,1125,1170
20200820 ,39,1131,1170
20200821 ,54,1176,1230
20200822 ,39,1058,1097
20200823 ,26,573,599
20200824 ,36,620,656
20200825 ,49,1068,1117
20200826 ,69,1106,1175
20200827 ,70,1066,1136
20200828 ,83,1074,1157
20200829 ,52,1061,1113
20200830 ,33,628,661
20200831 ,29,537,566
20200901 ,69,571,640
20200902 ,59,1130,1189
20200903 ,70,1088,1158
20200904 ,69,1086,1155
20200905 ,27,1053,1080
20200906 ,42,574,616
20200907 ,46,552,598
20200908 ,65,1121,1186
20200909 ,56,1084,1140
20200910 ,49,1013,1062
20200911 ,70,1097,1167
20200912 ,55,1067,1122
20200913 ,55,584,639
20200914 ,59,597,656
20200915 ,53,1116,1169
20200916 ,65,1100,1165
20200917 ,42,1167,1209
20200918 ,41,1050,1091
20200919 ,34,1049,1083
20200920 ,28,611,639
20200921 ,59,525,584
20200922 ,43,1015,1058
20200923 ,70,1045,1115
20200924 ,94,1013,1107
20200925 ,67,1051,1118
20200926 ,61,944,1005
20200927 ,56,522,578
20200928 ,71,584,655
20200929 ,90,996,1086
20200930 ,61,1092,1153
20201001 ,79,1063,1142
20201002 ,94,1011,1105
20201003 ,79,953,1032
20201004 ,92,495,587
20201005 ,59,548,607
20201006 ,80,1070,1150
20201007 ,85,1056,1141
20201008 ,76,984,1060
20201009 ,60,997,1057
20201010 ,103,973,1076
20201011 ,79,446,525
20201012 ,86,496,582
20201013 ,98,1019,1117
20201014 ,123,970,1093
20201015 ,102,1009,1111
20201016 ,105,1005,1110
20201017 ,112,867,979
20201018 ,88,501,589
20201019 (9),60,511,571
20201020 ,77,1087,1164
20201021 ,92,1052,1144
20201022 ,107,949,1056
20201023 ,123,935,1058
20201024 ,98,958,1056
20201025 ,78,487,565
20201026 ,76,509,585
20201027 ,114,879,993
20201028 ,83,1038,1121
20201029 ,86,969,1055
20201030 ,97,927,1024
20201031 ,80,885,965
20201101 ,76,518,594
20201102 ,75,465,540
20201103 ,104,1046,1150
20201104 ,129,1004,1133
20201105 ,102,993,1095
20201106 ,84,929,1013
20201107 ,112,858,970
20201108 ,76,442,518
20201109 ,64,443,507
20201110 ,104,909,1013
20201111 ,96,986,1082
20201112 ,100,1014,1114
20201113 (10),74,979,1053
20201114 ,91,823,914
20201115 ,69,431,500
20201116 (11),72,507,579
20201117 ,73,978,1051
20201118 ,80,1020,1100
20201119 ,67,1011,1078
20201120 ,77,1000,1077
20201121 ,87,942,1029
20201122 ,62,495,557
20201123 ,71,412,483
20201124 ,81,992,1073
20201125 ,71,1071,1142
20201126 ,100,1050,1150
20201127 ,88,918,1006
20201128 ,72,950,1022
20201129 ,73,480,553
20201130 ,62,512,574
20201201 ,102,974,1076
20201202 ,85,1006,1091
20201203 ,50,1003,1053
20201204 ,61,1090,1151
20201205 ,84,958,1042
20201206 ,62,516,578
20201207 ,63,482,545
20201208 ,98,999,1097
20201209 ,76,989,1065
20201210 ,105,1037,1142
20201211 ,117,896,1013
20201212 ,102,843,945
20201213 ,64,411,475
20201214 ,67,427,494
20201215 ,89,952,1041
20201216 ,132,979,1111
20201217 ,128,951,1079
20201218 ,120,937,1057
20201219 ,110,834,944
20201220 ,91,456,547
20201221 ,93,406,499
20201222 ,125,921,1046
20201223 ,144,863,1007
20201224 ,153,847,1000
20201225 ,110,647,757
20201226 ,73,365,438
20201227 ,97,394,491
20201228 ,125,401,526
20201229 ,137,481,618
20201230 ,166,943,1109
20201231 ,143,986,1129
20210101 ,163,753,916
20210102 ,85,420,505
20210103 ,86,458,544
20210104 ,86,423,509
20210105 ,150,874,1024
20210106 ,144,922,1066
20210107 ,159,928,1087
20210108 ,142,1000,1142
20210109 ,142,872,1014
20210110 ,96,465,561
20210111 ,84,430,514
20210112 ,147,858,1005
20210113 ,129,986,1115
20210114 ,122,945,1067
20210115 ,124,958,1082
20210116 ,110,846,956
20210117 ,93,486,579
20210118 (12),108,535,643
20210119 ,133,921,1054
20210120 ,111,967,1078
20210121 ,116,950,1066
20210122 ,133,961,1094
20210123 ,136,913,1049
20210124 ,110,536,646
20210125 ,75,536,611
20210126 ,120,984,1104
20210127 ,112,1092,1204
20210128 ,132,989,1121
20210129 ,97,976,1073
20210130 ,104,944,1048
20210131 ,77,558,635
20210201 (13),80,494,574
20210202 ,99,993,1092
20210203 ,109,1057,1166
20210204 ,93,1051,1144
20210205 ,93,1018,1111
20210206 ,90,962,1052
20210207 ,57,493,550
20210208 ,65,522,587
20210209 ,87,1055,1142
20210210 ,88,997,1085
20210211 ,106,1032,1138
20210212 ,76,947,1023
20210213 ,99,962,1061
20210214 ,91,673,764
20210215 ,63,609,672
20210216 ,63,1120,1183
20210217 ,86,1078,1164
20210218 ,78,1062,1140
20210219 ,90,985,1075
20210220 ,83,990,1073
20210221 ,65,560,625
20210222 ,45,690,735
20210223 ,53,1119,1172
20210224 ,70,1069,1139
20210225 ,69,1076,1145
20210226 ,67,1098,1165
20210227 ,55,1052,1107
20210228 ,47,566,613
20210301 ,30,583,613
20210302 ,74,1078,1152
20210303 ,52,1093,1145
20210304 ,50,1098,1148
20210305 ,61,1057,1118
20210306 ,61,1048,1109
20210307 ,40,621,661
20210308 (14),26,634,660
20210309 ,40,1048,1088
20210310 ,30,1190,1220
20210311 ,48,1038,1086
20210312 ,40,1150,1190
20210313 ,36,1185,1221
20210314 ,40,655,695
20210315 ,23,695,718
20210316 ,39,1104,1143
20210317 ,55,1224,1279
20210318 ,59,1168,1227
20210319 ,58,1119,1177
20210320 ,51,1091,1142
20210321 ,43,614,657
20210322 ,30,705,735
20210323 ,37,1191,1228
20210324 ,35,1210,1245
20210325 ,19,1251,1270
20210326 ,18,1118,1136
20210327 ,29,1143,1172
20210328 ,19,597,616
20210329 ,11,706,717
20210330 ,17,1121,1138
20210331 ,17,1275,1292
20210401 ,21,1275,1296
20210402 ,25,1197,1222
20210403 ,22,665,687
20210404 ,21,681,702
20210405 ,17,599,616
20210406 ,17,663,680
20210407 ,18,1243,1261
20210408 ,16,1218,1234
20210409 ,16,1278,1294
20210410 ,13,1189,1202
20210411 ,14,693,707
20210412 (15),17,717,734
20210413 ,11,1309,1320
20210414 ,20,1333,1353
20210415 ,16,1266,1282
20210416 ,21,1223,1244
20210417 ,10,1139,1149
20210418 ,15,643,658
20210419 ,20,698,718
20210420 ,22,1282,1304
20210421 ,23,1234,1257
20210422 ,13,1268,1281
20210423 ,10,1191,1201
20210424 ,15,1236,1251
20210425 ,17,671,688
20210426 ,10,693,703
20210427 ,19,1235,1254
20210428 ,12,1402,1414
20210429 ,9,1324,1333
20210430 ,12,1270,1282
20210501 ,20,1223,1243
20210502 ,21,728,749
20210503 ,13,700,713
20210504 ,14,637,651
20210505 ,12,1329,1341
20210506 ,15,1255,1270
20210507 ,13,1337,1350
20210508 (5),15,1347,1362
20210509 ,11,701,712
20210510 (5),19,694,713
20210511 ,13,1407,1420
20210512 ,13,1425,1438
20210513 ,18,1310,1328
20210514 ,9,1252,1261
20210515 ,14,1273,1287
20210516 ,9,711,720
20210517 ,12,717,729
20210518 ,14,1303,1317
20210519 ,13,1258,1271
20210520 ,15,1419,1434
20210521 ,12,1392,1404
20210522 ,21,1280,1301
20210523 ,22,667,689
20210524 ,18,660,678
20210525 ,24,1278,1302
20210526 ,22,1290,1312
20210527 ,27,1300,1327
20210528 ,18,1341,1359
20210529 ,7,1366,1373
20210530 ,12,655,667
20210531 ,6,702,708
20210601 ,7,568,575
20210602 (16),6,1316,1322
20210603 (16),2,1336,1338
20210604 (16),5,1416,1421
20210605 (16),9,1265,1274
20210606 (16),5,689,694
20210607 (16),12,686,698
20210608 (16),17,1329,1346
20210609 (17),5,1415,1420
20210610 ,6,1354,1360
20210611 ,8,1402,1410
20210612 ,8,1155,1163
20210613 ,10,680,690
20210614 ,3,667,670
20210615 ,8,1426,1434
20210616 ,11,1412,1423
20210617 ,13,1235,1248
20210618 ,8,1385,1393
20210619 ,8,1347,1355
20210620 ,5,697,702
20210621 ,10,625,635
20210622 ,6,1359,1365
20210623 ,5,1419,1424
20210624 ,8,1341,1349
20210625 ,4,1382,1386
20210626 ,8,1183,1191
20210627 ,3,700,703
20210628 ,1,654,655
20210629 ,6,1394,1400
20210630 ,7,1328,1335
20210701 ,8,1367,1375
20210702 ,5,1405,1410
20210703 ,9,1304,1313
20210704 ,3,720,723
20210705 ,6,743,749
20210706 ,7,1402,1409
20210707 ,8,1387,1395
20210708 ,5,1308,1313
20210709 ,17,1331,1348
20210710 ,8,1208,1216
20210711 ,5,765,770
20210712 ,3,669,672
20210713 (18),9,1138,1147
20210714 ,11,1381,1392
20210715 ,8,1277,1285
20210716 ,19,1228,1247
20210717 ,17,1138,1155
20210718 ,9,774,783
20210719 ,14,676,690
20210720 ,27,1170,1197
20210721 ,31,1237,1268
20210722 (19),21,1139,1160
20210723 (20),25,1097,1122
20210724 ,23,1196,1219
20210725 ,14,761,775
20210726 (21),10,710,720
20210727 (22),12,1198,1210
20210728 (23),26,1192,1218
20210729 ,12,1312,1324
20210730 ,10,1221,1231
20210731 ,14,1097,1111
20210801 ,21,684,705
20210802 ,13,722,735
20210803 (24),9,1213,1222
20210804 ,12,1244,1256
20210805 ,7,1110,1117
20210806 ,17,1153,1170
20210807 ,18,1247,1265
20210808 ,15,718,733
20210809 ,12,710,722
20210810 ,12,1280,1292
20210811 (25),14,1187,1201
20210812 ,13,1244,1257
20210813 ,18,1221,1239
20210814 ,13,1183,1196
20210815 ,17,677,694
20210816 ,9,688,697
20210817 ,22,1306,1328
20210818 ,17,1335,1352
20210819 ,21,1230,1251
20210820 ,26,1322,1348
20210821 ,28,1163,1191
20210822 ,12,684,696
20210823 ,19,662,681
20210824 ,28,1236,1264
20210825 ,37,1289,1326
20210826 ,25,1280,1305
20210827 ,37,1234,1271
20210828 ,37,1143,1180
20210829 ,22,727,749
20210830 ,39,672,711
20210831 ,23,545,568
20210901 ,40,1237,1277
20210902 ,39,1261,1300
20210903 ,36,1277,1313
20210904 ,40,1080,1120
20210905 ,38,603,641
20210906 ,40,670,710
20210907 ,44,1220,1264
20210908 ,41,1316,1357
20210909 ,41,1266,1307
20210910 ,45,1184,1229
20210911 ,37,1137,1174
20210912 ,37,721,758
20210913 ,36,689,725
20210914 ,52,1242,1294
20210915 ,43,1217,1260
20210916 ,30,1196,1226
20210917 ,38,1204,1242
20210918 ,52,1116,1168
20210919 ,32,635,667
20210920 ,24,647,671
20210921 ,40,1290,1330
20210922 ,38,1302,1340
20210923 ,43,1206,1249
20210924 ,33,1293,1326
20210925 ,37,1119,1156
20210926 ,28,682,710
20210927 ,17,628,645
20210928 ,41,1280,1321
20210929 ,52,1264,1316
20210930 ,34,1218,1252
20211001 ,39,1262,1301
20211002 ,35,1106,1141
20211003 ,28,665,693
20211004 ,20,656,676
20211005 ,36,1263,1299
20211006 ,27,1347,1374
20211007 ,36,1262,1298
20211008 ,37,1274,1311
20211009 ,28,1261,1289
20211010 ,34,684,718
20211011 ,37,753,790
20211012 ,38,1254,1292
20211013 ,51,1300,1351
20211014 ,37,1309,1346
20211015 ,48,1208,1256
20211016 ,38,1090,1128
20211017 ,35,651,686
20211018 ,29,688,717
20211019 ,41,1362,1403
20211020 ,51,1326,1377
20211021 ,47,1297,1344
20211022 ,49,1239,1288
20211023 ,46,1107,1153
20211024 ,38,608,646
20211025 ,35,720,755
20211026 ,52,1213,1265
20211027 (26),48,1135,1183
20211028 (27),39,1116,1155
20211029 ,49,1184,1233
20211030 ,48,1119,1167
20211031 ,43,599,642
20211101 ,37,640,677
20211102 ,42,1246,1288
20211103 ,50,1311,1361
20211104 ,42,1239,1281
20211105 ,39,1327,1366
20211106 ,51,1138,1189
20211107 ,46,607,653
20211108 ,24,662,686
20211109 ,38,1348,1386
20211110 ,45,1305,1350
20211111 ,36,1234,1270
20211112 ,43,1279,1322
20211113 ,34,1227,1261
20211114 ,32,677,709
20211115 ,30,658,688
20211116 ,50,1220,1270
20211117 ,22,1317,1339
20211118 ,32,1214,1246
20211119 ,38,1341,1379
20211120 ,38,1144,1182
20211121 ,35,625,660
20211122 ,21,645,666
20211123 ,25,1231,1256
20211124 ,35,1293,1328
20211125 ,35,1260,1295
20211126 ,26,1285,1311
20211127 ,28,1273,1301
20211128 ,21,628,649
20211129 ,21,649,670
20211130 ,29,1299,1328
20211201 ,30,1382,1412
20211202 ,17,1327,1344
20211203 ,30,1290,1320
20211204 ,25,1229,1254
20211205 ,26,672,698
20211206 ,18,610,628
20211207 ,23,1281,1304
20211208 ,29,1262,1291
20211209 ,32,1215,1247
20211210 ,27,1318,1345
20211211 ,22,1044,1066
20211212 ,20,681,701
20211213 ,13,688,701
20211214 ,34,1341,1375
20211215 ,24,1287,1311
20211216 ,22,1257,1279
20211217 ,27,1230,1257
20211218 ,21,1168,1189
20211219 ,21,608,629
20211220 ,18,607,625
20211221 ,32,1218,1250
20211222 ,25,1214,1239
20211223 ,28,1164,1192
20211224 ,32,1188,1220
20211225 ,32,835,867
20211226 ,24,392,416
20211227 ,21,486,507
20211228 ,32,523,555
20211229 ,36,547,583
20211230 ,52,1134,1186
20211231 ,53,1104,1157
20220101 ,76,1013,1089
20220102 ,43,649,692
20220103 ,41,563,604
20220104 ,57,551,608
20220105 ,47,1136,1183
20220106 ,56,1202,1258
20220107 ,47,1243,1290
20220108 ,44,1125,1169
20220109 ,46,637,683
20220110 ,47,592,639
20220111 ,49,1100,1149
20220112 ,40,1224,1264
20220113 ,39,1226,1265
20220114 ,49,1222,1271
20220115 ,47,1178,1225
20220116 ,42,619,661
20220117 ,31,630,661
20220118 (28),31,1216,1247
20220119 ,38,1212,1250
20220120 ,40,1207,1247
20220121 ,33,1189,1222
20220122 ,24,1109,1133
20220123 ,25,626,651
20220124 ,20,690,710
20220125 ,23,1227,1250
20220126 ,23,1298,1321
20220127 ,29,1276,1305
20220128 ,31,1302,1333
20220129 ,14,1078,1092
20220130 ,20,671,691
20220131 ,25,677,702
20220201 ,30,1137,1167
20220202 ,23,1159,1182
20220203 ,29,1071,1100
20220204 ,36,1299,1335
20220205 ,22,1176,1198
20220206 ,29,662,691
20220207 ,18,630,648
20220208 ,20,1151,1171
20220209 ,22,1197,1219
20220210 ,21,1270,1291
20220211 ,20,1336,1356
20220212 ,18,1289,1307
20220213 ,17,647,664
20220214 ,30,619,649
20220215 ,23,1195,1218
20220216 (29),27,1270,1297
20220217 ,19,1264,1283
20220218 ,19,1152,1171
20220219 ,21,973,994
20220220 ,14,573,587
20220221 ,16,501,517
20220222 ,20,1180,1200
20220223 ,26,1259,1285
20220224 ,28,1092,1120
20220225 ,19,1203,1222
20220226 ,23,1056,1079
20220227 ,9,634,643
20220228 ,18,614,632
20220301 ,14,1262,1276
20220302 ,24,1257,1281
20220303 ,14,1292,1306
20220304 ,32,1243,1275
20220305 ,19,1262,1281
20220306 ,20,629,649
20220307 ,18,606,624
20220308 ,22,1302,1324
20220309 ,23,1300,1323
20220310 ,30,1160,1190
20220311 ,35,1299,1334
20220312 ,25,1172,1197
20220313 ,12,673,685
20220314 ,26,652,678
20220315 ,30,1166,1196
20220316 ,24,1275,1299
20220317 ,38,1288,1326
20220318 ,42,1100,1142
20220319 ,32,1119,1151
20220320 ,24,586,610
20220321 ,19,593,612
20220322 ,44,1186,1230
20220323 ,42,1133,1175
20220324 (30),38,1161,1199
20220325 ,36,1119,1155
20220326 ,51,1101,1152
20220327 ,41,669,710
20220328 ,26,616,642
20220329 ,37,1196,1233
20220330 ,39,1225,1264
20220331 (31),37,1191,1228
20220401 ,46,1222,1268
20220402 ,52,1127,1179
20220403 ,25,629,654
20220404 ,30,586,616
20220405 ,42,1282,1324
20220406 ,63,1315,1378
20220407 ,35,1151,1186
20220408 ,48,1244,1292
20220409 ,45,1158,1203
20220410 ,32,589,621
20220411 ,21,572,593
20220412 ,37,1179,1216
20220413 ,33,1286,1319
20220414 ,45,1317,1362
20220415 ,49,1291,1340
20220416 ,27,633,660
20220417 ,25,511,536
20220418 ,28,499,527
20220419 ,19,545,564
20220420 ,26,1232,1258
20220421 ,26,1127,1153
20220422 ,26,1209,1235
20220423 ,27,1165,1192
20220424 ,24,535,559
20220425 ,18,588,606
20220426 ,21,817,838
20220427 ,18,1317,1335
20220428 ,25,1326,1351
20220429 ,23,1249,1272
20220430 ,18,1227,1245
20220501 ,19,624,643
20220502 ,18,563,581
20220503 ,16,599,615
20220504 ,29,1458,1487
20220505 ,18,1312,1330
20220506 ,17,1417,1434
20220507 ,19,1290,1309
20220508 ,16,611,627
20220509 ,8,602,610
20220510 ,17,1363,1380
20220511 ,16,1304,1320
20220512 ,19,1324,1343
20220513 ,13,1166,1179
20220514 ,8,1091,1099
20220515 ,14,563,577
20220516 ,8,565,573
20220517 (32),12,1222,1234
20220518 ,10,1253,1263
20220519 ,10,1252,1262
20220520 ,7,1118,1125
20220521 ,8,1118,1126
20220522 ,12,628,640
20220523 ,6,624,630
20220524 ,10,1163,1173
20220525 ,11,1188,1199
20220526 ,12,1180,1192
20220527 ,6,1137,1143
20220528 ,10,1096,1106
20220529 ,7,567,574
20220530 ,1,632,633
20220531 ,9,1213,1222
20220601 ,3,1160,1163
20220602 ,8,1257,1265
20220603 ,3,682,685
20220604 ,7,635,642
20220605 ,5,564,569
20220606 ,4,512,516
20220607 ,4,919,923
20220608 ,10,1279,1289
20220609 ,10,1223,1233
20220610 ,12,1213,1225
20220611 ,9,1026,1035
20220612 ,11,578,589
20220613 ,7,495,502
20220614 ,15,1215,1230
20220615 ,15,1215,1230
20220616 ,11,1195,1206
20220617 ,13,1202,1215
20220618 ,17,1068,1085
20220619 ,20,653,673
20220620 ,9,558,567
20220621 ,13,1167,1180
20220622 ,21,1246,1267
20220623 ,27,1210,1237
20220624 ,18,1162,1180
20220625 ,35,1118,1153
20220626 ,23,614,637
20220627 ,8,627,635
20220628 ,19,941,960
20220629 ,35,1246,1281
20220630 ,23,1071,1094
20220701 ,18,1138,1156
20220702 ,15,1113,1128
20220703 ,16,535,551
20220704 ,15,558,573
20220705 ,12,1081,1093
20220706 ,21,1175,1196
20220707 ,28,1159,1187
20220708 ,23,1088,1111
20220709 ,24,1004,1028
20220710 ,25,624,649
20220711 ,15,523,538
20220712 ,28,1054,1082
20220713 ,28,1170,1198
20220714 ,28,1130,1158
20220715 ,24,1131,1155
20220716 ,28,913,941
20220717 ,22,571,593
20220718 ,12,558,570
20220719 ,19,1099,1118
20220720 ,26,1078,1104
20220721 ,25,1019,1044
20220722 ,24,1033,1057
20220723 ,29,1027,1056
20220724 ,19,740,759
20220725 ,11,547,558
20220726 ,17,1077,1094
20220727 ,21,1124,1145
20220728 ,18,1071,1089
20220729 ,20,1145,1165
20220730 ,15,986,1001
20220731 ,10,544,554
20220801 ,13,560,573
20220802 ,18,1074,1092
20220803 ,21,1107,1128
20220804 ,9,1097,1106
20220805 ,20,1131,1151
20220806 ,13,824,837
20220807 ,15,560,575
20220808 ,15,566,581
20220809 ,13,1139,1152
20220810 ,15,1099,1114
20220811 ,17,1071,1088
20220812 ,19,1071,1090
20220813 ,14,854,868
20220814 ,15,583,598
20220815 ,8,578,586
20220816 ,10,1143,1153
20220817 ,15,1271,1286
20220818 ,12,1256,1268
20220819 ,5,1226,1231
20220820 ,12,1101,1113
20220821 ,6,681,687
20220822 ,3,563,566
20220823 ,10,1143,1153
20220824 ,9,1178,1187
20220825 ,6,1171,1177
20220826 ,6,1046,1052
20220827 ,3,692,695
20220828 ,5,544,549
20220829 ,2,524,526
20220830 ,4,477,481
20220831 ,4,776,780
20220901 ,5,1081,1086
20220902 ,5,1112,1117
20220903 ,9,1040,1049
20220904 ,7,571,578
20220905 ,7,536,543
20220906 ,7,833,840
20220907 ,6,1043,1049
20220908 ,7,1201,1208
20220909 ,10,1087,1097
20220910 ,10,1018,1028
20220911 ,8,604,612
20220912 ,2,560,562
20220913 ,8,1163,1171
20220914 ,8,1106,1114
20220915 ,9,1167,1176
20220916 ,14,1186,1200
20220917 ,14,1018,1032
20220918 ,10,796,806
20220919 ,3,565,568
20220920 ,12,643,655
20220921 ,5,1161,1166
20220922 ,8,1137,1145
20220923 ,10,961,971
20220924 ,7,883,890
20220925 ,7,589,596
20220926 ,3,533,536
20220927 ,8,1198,1206
20220928 ,21,1224,1245
20220929 ,12,1191,1203
20220930 ,22,1157,1179
20221001 ,21,1114,1135
20221002 ,17,570,587
20221003 ,9,583,592
20221004 ,26,1193,1219
20221005 ,16,1234,1250
20221006 ,24,1167,1191
20221007 ,27,1150,1177
20221008 ,20,1135,1155
20221009 ,9,624,633
20221010 ,15,607,622
20221011 ,19,1165,1184
20221012 ,26,1225,1251
20221013 ,18,1021,1039
20221014 ,10,1100,1110
20221015 ,25,1201,1226
20221016 ,17,869,886
20221017 ,8,567,575
20221018 ,15,962,977
20221019 ,10,1264,1274
20221020 ,15,1223,1238
20221021 ,16,1235,1251
20221022 ,11,1113,1124
20221023 ,8,576,584
20221024 ,7,620,627
20221025 ,15,964,979
20221026 ,11,1263,1274
20221027 ,15,1227,1242
20221028 ,19,1054,1073
20221029 ,18,1105,1123
20221030 ,9,556,565
20221031 ,6,590,596
20221101 ,9,1152,1161
20221102 ,8,1171,1179
20221103 ,16,711,727
20221104 ,13,842,855
20221105 ,8,1021,1029
20221106 ,11,586,597
20221107 ,6,822,828
20221108 ,8,1128,1136
20221109 ,10,1159,1169
20221110 ,7,1220,1227
20221111 ,7,1286,1293
20221112 ,6,1071,1077
20221113 ,3,522,525
20221114 ,3,849,852
20221115 ,6,1160,1166
20221116 ,6,1192,1198
20221117 ,6,1190,1196
20221118 ,7,1137,1144
20221119 ,7,1125,1132
20221120 ,5,876,881
20221121 ,3,609,612
20221122 ,7,1133,1140
20221123 ,8,944,952
20221124 ,7,1230,1237
20221125 ,5,952,957
20221126 ,3,1087,1090
20221127 ,7,581,588
20221128 ,6,619,625
20221129 ,4,1020,1024
20221130 ,4,942,946
20221201 ,2,937,939
20221202 ,12,1201,1213
20221203 ,3,960,963
20221204 ,7,528,535
20221205 ,5,571,576
20221206 ,18,960,978
20221207 ,11,1175,1186
20221208 ,16,1209,1225
20221209 ,8,1174,1182
20221210 ,8,951,959
20221211 ,8,507,515
20221212 ,11,590,601
20221213 ,16,1157,1173
20221214 ,7,1272,1279
20221215 ,15,1090,1105
20221216 ,7,692,699
20221217 ,12,668,680
20221218 ,6,512,518
20221219 ,10,637,647
20221220 ,22,982,1004
20221221 ,18,842,860
20221222 ,23,1044,1067
20221223 ,25,984,1009
20221224 ,24,994,1018
20221225 ,15,492,507
20221226 ,10,443,453
20221227 ,9,493,502
20221228 ,11,604,615
20221229 ,24,1123,1147
20221230 ,21,851,872
20221231 ,10,817,827
20230101 ,16,463,479
20230102 ,14,514,528
20230103 ,11,541,552
20230104 ,23,836,859
20230105 ,15,912,927
20230106 ,17,927,944
20230107 ,11,839,850
20230108 ,11,645,656
20230109 ,13,423,436
20230110 ,11,698,709
20230111 ,14,1219,1233
20230112 ,15,1259,1274
20230113 ,8,729,737
20230114 ,4,1086,1090
20230115 ,6,811,817
20230116 ,2,546,548
20230117 ,11,1064,1075
20230118 ,2,1234,1236
20230119 ,8,1186,1194
20230120 ,4,1170,1174
20230121 ,6,1213,1219
20230122 ,3,562,565
20230123 ,3,556,559
20230124 ,0,1137,1137
20230125 ,4,1238,1242
20230126 ,5,1144,1149
20230127 ,4,1281,1285
20230128 ,4,1189,1193
20230129 ,4,616,620
20230130 ,5,612,617
20230131 ,10,1301,1311
20230201 ,1,1372,1373
20230202 ,7,1247,1254
20230203 ,1,1310,1311
20230204 ,6,1189,1195
20230205 ,7,562,569
20230206 ,7,570,577
20230207 ,7,1148,1155
20230208 ,9,1168,1177
20230209 ,5,1223,1228
20230210 ,1,1282,1283
20230215 ,4,1143,1147
20230222 ,8,1125,1133
20230301 ,4,1277,1281
20230308 ,7,1215,1222
20230315 ,20,1260,1280
20230322 ,19,1172,1191
20230329 ,13,1283,1296
20230405 ,6,1260,1266
20230412 ,5,1276,1281
20230419 ,4,1157,1161
20230426 ,6,1177,1183
20230503 ,7,1371,1378
20230510 ,4,1337,1341
20230517 ,3,1339,1342
20230524 ,6,1354,1360
20230531 ,1,1235,1236
20230607 ,6,1219,1225
